Cities,0,1,2,3,4,5,6,7,8,9
0,0,14,30,9,5,6,6,15,25,8
1,14,0,16,28,37,14,13,3,43,15
2,30,16,0,16,21,28,38,39,38,36
3,9,28,16,0,33,35,21,25,19,23
4,5,37,21,33,0,9,48,12,48,33
5,6,14,28,35,9,0,35,49,30,28
6,6,13,38,21,48,35,0,27,18,28
7,15,3,39,25,12,49,27,0,36,7
8,25,43,38,19,48,30,18,36,0,35
9,8,15,36,23,33,28,28,7,35,0
